total_mean: 0.5195840286175939
total_std: 0.20937384585991176
images total number is : 20204
